4786.69,4535.42,1.10512
67.9592,4583.47,0.775836
5577.5,4160.79,1.42993
5370.73,435.272,0.688682
4220.18,4790.77,0.806749
2393.44,663.767,1.08608
483.819,1211.06,1.25795
3491.83,3502.74,1.46773
403.115,3116.65,1.24291
5297.84,379.135,0.745769
273.439,5809.66,0.564945
5747.76,4007.46,0.932447
4652.84,1497.07,0.912278
4278.65,1185.28,0.714801
3883.05,1441.34,1.1635
3266.84,1531.16,0.618107
1198.68,5152.5,0.98721
4243.97,1083.8,1.14871
5112.54,2510.24,1.18043
1022.38,2804.95,0.511598
5021.31,815.221,0.750942
697.497,5131.23,0.663842
4870.3,4522.72,1.41715
123.484,2506.46,1.04396
1006.4,4805.14,0.517
765.173,2719.78,1.04728
3388.5,4003.35,1.44458
324.125,4080.47,0.857369
3483.2,2108.73,0.758743
235.723,330.372,1.11277
