0.321,16,3,0.0767996
0.321,16,3,0.0767996
0.321,21,1,0.00791622
0.321,21,1,0.00791622
0.321,26,4,0.00175297
0.321,26,4,0.00175297
0.322,8,3,0.00218911
0.322,8,3,0.00218911
0.322,24,4,0.0221203
0.322,24,4,0.0221203
0.322,25,2,0.185416
0.322,25,2,0.185416
0.323,1,3,0.109379
0.323,1,3,0.109379
0.323,22,4,0.0103972
0.323,22,4,0.0103972
0.324,3,3,0.57654
0.324,3,3,0.57654
0.324,17,4,44.6959
0.324,17,4,44.6959
0.325,13,2,0.0018678
0.325,13,2,0.0018678
0.325,19,3,0.617407
0.325,19,3,0.617407
0.326,4,4,0.0294533
0.326,4,4,0.0294533
0.327,11,4,0.269474
0.327,11,4,0.269474
0.328,14,4,0.0114617
0.328,14,4,0.0114617
0.329,2,4,0.00813022
0.329,2,4,0.00813022
0.33,28,4,0.00352094
0.33,28,4,0.00352094
0.641,16,3,0.077055
0.641,16,3,0.077055
0.641,21,1,0.00792426
0.641,21,1,0.00792426
0.641,26,4,0.00174894
0.641,26,4,0.00174894
0.642,8,3,0.00219046
0.642,8,3,0.00219046
0.642,24,4,0.0220702
0.642,24,4,0.0220702
0.642,25,2,0.18418
0.642,25,2,0.18418
0.643,1,3,0.109877
0.643,1,3,0.109877
0.643,22,4,0.0103511
0.643,22,4,0.0103511
0.644,3,3,0.586439
0.644,3,3,0.586439
0.644,17,4,46.9484
0.644,17,4,46.9484
0.645,13,2,0.001868
0.645,13,2,0.001868
0.645,19,3,0.62898
0.645,19,3,0.62898
0.646,4,4,0.0293522
0.646,4,4,0.0293522
0.647,11,4,0.265898
0.647,11,4,0.265898
0.648,14,4,0.0114945
0.648,14,4,0.0114945
0.649,2,4,0.00813406
0.649,2,4,0.00813406
0.65,28,4,0.00350955
0.65,28,4,0.00350955
0.656,10,4,0.00188954
0.656,10,4,0.00188954
0.658,20,3,0.00160991
0.658,20,3,0.00160991
0.66,12,3,0.00105489
0.66,12,3,0.00105489
0.666,6,2,0.000629783
0.666,6,2,0.000629783
0.667,9,1,0.000386223
0.667,9,1,0.000386223
0.671,29,1,0.000792944
0.671,29,1,0.000792944
0.961,16,3,0.0773093
0.961,16,3,0.0773093
0.961,21,1,0.00793231
0.961,21,1,0.00793231
0.961,26,4,0.00174493
0.961,26,4,0.00174493
0.962,8,3,0.00219181
0.962,8,3,0.00219181
0.962,24,4,0.02202
0.962,24,4,0.02202
0.962,25,2,0.182954
0.962,25,2,0.182954
0.963,1,3,0.110375
0.963,1,3,0.110375
0.963,22,4,0.0103051
0.963,22,4,0.0103051
0.964,3,3,0.596547
0.964,3,3,0.596547
0.964,17,4,49.3181
0.964,17,4,49.3181
0.965,13,2,0.0018682
0.965,13,2,0.0018682
0.965,19,3,0.640808
0.965,19,3,0.640808
0.966,4,4,0.0292513
0.966,4,4,0.0292513
0.967,11,4,0.262382
0.967,11,4,0.262382
0.968,14,4,0.0115274
0.968,14,4,0.0115274
0.969,2,4,0.00813789
0.969,2,4,0.00813789
0.97,28,4,0.00349819
0.97,28,4,0.00349819
0.976,10,4,0.00188647
0.976,10,4,0.00188647
0.978,20,3,0.0016121
0.978,20,3,0.0016121
0.98,12,3,0.00105432
0.98,12,3,0.00105432
0.986,6,2,0.000629073
0.986,6,2,0.000629073
0.987,9,1,0.000387216
0.987,9,1,0.000387216
0.991,29,1,0.000793068
0.991,29,1,0.000793068
0.993,27,2,0.00159442
0.993,27,2,0.00159442
1.005,15,1,0.0003717
1.005,15,1,0.0003717
1.281,16,3,0.0771302
1.281,16,3,0.0771302
1.281,21,1,0.00790558
1.281,21,1,0.00790558
1.281,26,4,0.00174283
1.281,26,4,0.00174283
1.282,8,3,0.00218655
1.282,8,3,0.00218655
1.282,24,4,0.0219713
1.282,24,4,0.0219713
1.282,25,2,0.184605
1.282,25,2,0.184605
1.283,1,3,0.110071
1.283,1,3,0.110071
1.283,22,4,0.0102744
1.283,22,4,0.0102744
1.284,3,3,0.596099
1.284,3,3,0.596099
1.284,17,4,47.2641
1.284,17,4,47.2641
1.285,13,2,0.00187053
1.285,13,2,0.00187053
1.285,19,3,0.648326
1.285,19,3,0.648326
1.286,4,4,0.0293932
1.286,4,4,0.0293932
1.287,11,4,0.261403
1.287,11,4,0.261403
1.288,14,4,0.0115119
1.288,14,4,0.0115119
1.289,2,4,0.00817224
1.289,2,4,0.00817224
1.29,28,4,0.0034988
1.29,28,4,0.0034988
1.296,10,4,0.00188773
1.296,10,4,0.00188773
1.298,20,3,0.0016148
1.298,20,3,0.0016148
1.3,12,3,0.00105337
1.3,12,3,0.00105337
1.304,30,4,0.0004977
1.304,30,4,0.0004977
1.306,6,2,0.000630786
1.306,6,2,0.000630786
1.307,9,1,0.000388281
1.307,9,1,0.000388281
1.311,29,1,0.000794922
1.311,29,1,0.000794922
1.313,27,2,0.00159265
1.313,27,2,0.00159265
1.325,15,1,0.000370765
1.325,15,1,0.000370765
1.329,18,2,0.000976622
1.329,18,2,0.000976622
1.345,7,2,0.000411676
1.345,7,2,0.000411676
1.601,16,3,0.0768917
1.601,16,3,0.0768917
1.601,21,1,0.00787415
1.601,21,1,0.00787415
1.601,26,4,0.00174101
1.601,26,4,0.00174101
1.602,8,3,0.00218042
1.602,8,3,0.00218042
1.602,24,4,0.0219229
1.602,24,4,0.0219229
1.602,25,2,0.186669
1.602,25,2,0.186669
1.603,1,3,0.109663
1.603,1,3,0.109663
1.603,22,4,0.0102458
1.603,22,4,0.0102458
1.604,3,3,0.594262
1.604,3,3,0.594262
1.604,17,4,44.7938
1.604,17,4,44.7938
1.605,13,2,0.00187312
1.605,13,2,0.00187312
1.605,19,3,0.655383
1.605,19,3,0.655383
1.606,4,4,0.0295651
1.606,4,4,0.0295651
1.607,11,4,0.260715
1.607,11,4,0.260715
1.608,14,4,0.0114909
1.608,14,4,0.0114909
1.609,2,4,0.00821005
1.609,2,4,0.00821005
1.61,28,4,0.00350065
1.61,28,4,0.00350065
1.616,10,4,0.00188935
1.616,10,4,0.00188935
1.618,20,3,0.00161755
1.618,20,3,0.00161755
1.62,12,3,0.0010524
1.62,12,3,0.0010524
1.624,30,4,0.000497631
1.624,30,4,0.000497631
1.626,6,2,0.000632618
1.626,6,2,0.000632618
1.627,9,1,0.000389353
1.627,9,1,0.000389353
1.631,29,1,0.000796831
1.631,29,1,0.000796831
1.633,27,2,0.00159082
1.633,27,2,0.00159082
1.645,15,1,0.000369833
1.645,15,1,0.000369833
1.649,18,2,0.000979082
1.649,18,2,0.000979082
1.665,7,2,0.000412466
1.665,7,2,0.000412466
1.921,16,3,0.0766542
1.921,16,3,0.0766542
1.921,21,1,0.00784286
1.921,21,1,0.00784286
1.921,26,4,0.00173918
1.921,26,4,0.00173918
1.922,8,3,0.0021743
1.922,8,3,0.0021743
1.922,24,4,0.0218745
1.922,24,4,0.0218745
1.922,25,2,0.18876
1.922,25,2,0.18876
1.923,1,3,0.109257
1.923,1,3,0.109257
1.923,22,4,0.0102172
1.923,22,4,0.0102172
1.924,3,3,0.592391
1.924,3,3,0.592391
1.924,17,4,42.4761
1.924,17,4,42.4761
1.925,13,2,0.00187572
1.925,13,2,0.00187572
1.925,19,3,0.662533
1.925,19,3,0.662533
1.926,4,4,0.0297382
1.926,4,4,0.0297382
1.927,11,4,0.260027
1.927,11,4,0.260027
1.928,14,4,0.01147
1.928,14,4,0.01147
1.929,2,4,0.00824806
1.929,2,4,0.00824806
1.93,28,4,0.00350249
1.93,28,4,0.00350249
1.936,10,4,0.00189096
1.936,10,4,0.00189096
1.938,20,3,0.0016203
1.938,20,3,0.0016203
1.94,12,3,0.00105142
1.94,12,3,0.00105142
1.944,30,4,0.000497561
1.944,30,4,0.000497561
1.946,6,2,0.000634456
1.946,6,2,0.000634456
1.947,9,1,0.000390429
1.947,9,1,0.000390429
1.951,29,1,0.000798746
1.951,29,1,0.000798746
1.953,27,2,0.00158899
1.953,27,2,0.00158899
1.965,15,1,0.000368904
1.965,15,1,0.000368904
1.969,18,2,0.00098155
1.969,18,2,0.00098155
1.985,7,2,0.000413257
1.985,7,2,0.000413257
2.241,16,3,0.0771039
2.241,16,3,0.0771039
2.241,21,1,0.00785069
2.241,21,1,0.00785069
2.241,26,4,0.00173769
2.241,26,4,0.00173769
2.242,8,3,0.00217007
2.242,8,3,0.00217007
2.242,24,4,0.0218106
2.242,24,4,0.0218106
2.242,25,2,0.190502
2.242,25,2,0.190502
2.243,1,3,0.10969
2.243,1,3,0.10969
2.243,22,4,0.0102422
2.243,22,4,0.0102422
2.244,3,3,0.592794
2.244,3,3,0.592794
2.244,17,4,41.6502
2.244,17,4,41.6502
2.245,13,2,0.00187594
2.245,13,2,0.00187594
2.245,19,3,0.672544
2.245,19,3,0.672544
2.246,4,4,0.0298874
2.246,4,4,0.0298874
2.247,11,4,0.259538
2.247,11,4,0.259538
2.248,14,4,0.0114404
2.248,14,4,0.0114404
2.249,2,4,0.00825651
2.249,2,4,0.00825651
2.25,28,4,0.00350028
2.25,28,4,0.00350028
2.256,10,4,0.00188769
2.256,10,4,0.00188769
2.258,20,3,0.00162319
2.258,20,3,0.00162319
2.26,12,3,0.00105178
2.26,12,3,0.00105178
2.264,30,4,0.000496459
2.264,30,4,0.000496459
2.266,6,2,0.000633719
2.266,6,2,0.000633719
2.267,9,1,0.000390722
2.267,9,1,0.000390722
2.271,29,1,0.000799183
2.271,29,1,0.000799183
2.273,27,2,0.00158753
2.273,27,2,0.00158753
2.285,15,1,0.000369566
2.285,15,1,0.000369566
2.289,18,2,0.000980269
2.289,18,2,0.000980269
2.305,7,2,0.000412958
2.305,7,2,0.000412958
2.561,16,3,0.0777864
2.561,16,3,0.0777864
2.561,21,1,0.00787136
2.561,21,1,0.00787136
2.562,24,4,0.0217422
2.562,24,4,0.0217422
2.562,25,2,0.192142
2.562,25,2,0.192142
2.563,1,3,0.110395
2.563,1,3,0.110395
2.563,22,4,0.0102844
2.563,22,4,0.0102844
2.564,3,3,0.593908
2.564,3,3,0.593908
2.564,17,4,41.2597
2.564,17,4,41.2597
2.565,19,3,0.683633
2.565,19,3,0.683633
2.566,4,4,0.0300298
2.566,4,4,0.0300298
2.567,11,4,0.259102
2.567,11,4,0.259102
2.568,14,4,0.0114084
2.568,14,4,0.0114084
2.569,2,4,0.00825646
2.569,2,4,0.00825646
2.576,10,4,0.00188321
2.576,10,4,0.00188321
2.578,20,3,0.00162612
2.578,20,3,0.00162612
2.58,12,3,0.00105244
2.58,12,3,0.00105244
2.584,30,4,0.000495143
2.584,30,4,0.000495143
2.586,6,2,0.000632459
2.586,6,2,0.000632459
2.587,9,1,0.000390859
2.587,9,1,0.000390859
2.591,29,1,0.000799352
2.591,29,1,0.000799352
2.593,27,2,0.00158613
2.593,27,2,0.00158613
2.605,15,1,0.000370426
2.605,15,1,0.000370426
2.609,18,2,0.000978589
2.609,18,2,0.000978589
2.625,7,2,0.000412605
2.625,7,2,0.000412605
2.881,16,3,0.0784756
2.881,16,3,0.0784756
2.881,21,1,0.00789201
2.881,21,1,0.00789201
2.882,24,4,0.0216734
2.882,24,4,0.0216734
2.882,25,2,0.193796
2.882,25,2,0.193796
2.883,1,3,0.111105
2.883,1,3,0.111105
2.883,22,4,0.0103268
2.883,22,4,0.0103268
2.884,3,3,0.595018
2.884,3,3,0.595018
2.884,17,4,40.8672
2.884,17,4,40.8672
2.885,19,3,0.694933
2.885,19,3,0.694933
2.886,4,4,0.0301731
2.886,4,4,0.0301731
2.887,11,4,0.258658
2.887,11,4,0.258658
2.888,14,4,0.0113764
2.888,14,4,0.0113764
2.889,2,4,0.00825639
2.889,2,4,0.00825639
2.901,8,3,0.00216271
2.901,8,3,0.00216271
2.904,30,4,0.00049383
2.904,30,4,0.00049383
2.905,28,4,0.00349342
2.905,28,4,0.00349342
2.908,26,4,0.00173486
2.908,26,4,0.00173486
2.909,10,4,0.00187856
2.909,10,4,0.00187856
2.925,15,1,0.000371289
2.925,15,1,0.000371289
2.929,18,2,0.000976912
2.929,18,2,0.000976912
2.945,7,2,0.000412253
2.945,7,2,0.000412253
2.948,13,2,0.00187484
2.948,13,2,0.00187484
3.201,16,3,0.0782436
3.201,16,3,0.0782436
3.201,21,1,0.00789467
3.201,21,1,0.00789467
3.202,24,4,0.0217042
3.202,24,4,0.0217042
3.202,25,2,0.194227
3.202,25,2,0.194227
3.203,1,3,0.111896
3.203,1,3,0.111896
3.203,22,4,0.0103261
3.203,22,4,0.0103261
3.204,3,3,0.597237
3.204,3,3,0.597237
3.204,17,4,39.3089
3.204,17,4,39.3089
3.205,19,3,0.698609
3.205,19,3,0.698609
3.206,4,4,0.0300891
3.206,4,4,0.0300891
3.207,11,4,0.257982
3.207,11,4,0.257982
3.208,14,4,0.0113477
3.208,14,4,0.0113477
3.209,2,4,0.00823038
3.209,2,4,0.00823038
3.221,8,3,0.00215795
3.221,8,3,0.00215795
3.222,20,3,0.00162843
3.222,20,3,0.00162843
3.225,28,4,0.003492
3.225,28,4,0.003492
3.226,12,3,0.00105522
3.226,12,3,0.00105522
3.228,26,4,0.00173818
3.228,26,4,0.00173818
3.229,10,4,0.00187228
3.229,10,4,0.00187228
3.246,9,1,0.000390736
3.246,9,1,0.000390736
3.249,18,2,0.000976537
3.249,18,2,0.000976537
3.265,7,2,0.000412024
3.265,7,2,0.000412024
3.268,13,2,0.00187183
3.268,13,2,0.00187183
3.271,27,2,0.00158427
3.271,27,2,0.00158427
3.276,6,2,0.000630551
3.276,6,2,0.000630551
3.521,16,3,0.0774704
3.521,16,3,0.0774704
3.521,21,1,0.00788668
3.521,21,1,0.00788668
3.522,24,4,0.0217934
3.522,24,4,0.0217934
3.522,25,2,0.193935
3.522,25,2,0.193935
3.523,1,3,0.112737
3.523,1,3,0.112737
3.523,22,4,0.0103005
3.523,22,4,0.0103005
3.524,3,3,0.600101
3.524,3,3,0.600101
3.524,17,4,37.2041
3.524,17,4,37.2041
3.525,19,3,0.697886
3.525,19,3,0.697886
3.526,4,4,0.0298804
3.526,4,4,0.0298804
3.527,11,4,0.257184
3.527,11,4,0.257184
3.528,14,4,0.0113207
3.528,14,4,0.0113207
3.529,2,4,0.00819077
3.529,2,4,0.00819077
3.541,8,3,0.00215268
3.541,8,3,0.00215268
3.542,20,3,0.0016262
3.542,20,3,0.0016262
3.545,28,4,0.00349138
3.545,28,4,0.00349138
3.546,12,3,0.00105794
3.546,12,3,0.00105794
3.548,26,4,0.00174342
3.548,26,4,0.00174342
3.549,10,4,0.00186532
3.549,10,4,0.00186532
3.566,9,1,0.000390346
3.566,9,1,0.000390346
3.57,29,1,0.000803846
3.57,29,1,0.000803846
3.588,13,2,0.00186835
3.588,13,2,0.00186835
3.591,27,2,0.00158418
3.591,27,2,0.00158418
3.596,6,2,0.000630223
3.596,6,2,0.000630223
3.841,16,3,0.0767067
3.841,16,3,0.0767067
3.841,21,1,0.0078787
3.841,21,1,0.0078787
3.842,24,4,0.0218829
3.842,24,4,0.0218829
3.842,25,2,0.193643
3.842,25,2,0.193643
3.843,1,3,0.113586
3.843,1,3,0.113586
3.843,22,4,0.010275
3.843,22,4,0.010275
3.844,3,3,0.602981
3.844,3,3,0.602981
3.844,17,4,35.2327
3.844,17,4,35.2327
3.845,19,3,0.697129
3.845,19,3,0.697129
3.846,4,4,0.0296734
3.846,4,4,0.0296734
3.847,11,4,0.256389
3.847,11,4,0.256389
3.848,14,4,0.0112938
3.848,14,4,0.0112938
3.849,2,4,0.00815136
3.849,2,4,0.00815136
3.861,8,3,0.00214743
3.861,8,3,0.00214743
3.862,20,3,0.00162397
3.862,20,3,0.00162397
3.865,28,4,0.00349075
3.865,28,4,0.00349075
3.866,12,3,0.00106066
3.866,12,3,0.00106066
3.868,26,4,0.00174868
3.868,26,4,0.00174868
3.869,10,4,0.00185838
3.869,10,4,0.00185838
3.886,9,1,0.000389956
3.886,9,1,0.000389956
3.89,29,1,0.000806261
3.89,29,1,0.000806261
3.903,15,1,0.000370801
3.903,15,1,0.000370801
3.908,13,2,0.00186487
3.908,13,2,0.00186487
3.911,27,2,0.00158408
3.911,27,2,0.00158408
3.916,6,2,0.000629895
3.916,6,2,0.000629895
3.928,18,2,0.000976526
3.928,18,2,0.000976526
4.161,16,3,0.0762039
4.161,16,3,0.0762039
4.161,21,1,0.00788294
4.161,21,1,0.00788294
4.162,24,4,0.021972
4.162,24,4,0.021972
4.162,25,2,0.194358
4.162,25,2,0.194358
4.163,1,3,0.114274
4.163,1,3,0.114274
4.163,22,4,0.010296
4.163,22,4,0.010296
4.164,3,3,0.603758
4.164,3,3,0.603758
4.164,17,4,34.3148
4.164,17,4,34.3148
4.165,19,3,0.695431
4.165,19,3,0.695431
4.166,4,4,0.0296347
4.166,4,4,0.0296347
4.167,11,4,0.255867
4.167,11,4,0.255867
4.168,14,4,0.0113109
4.168,14,4,0.0113109
4.169,2,4,0.008142
4.169,2,4,0.008142
4.181,8,3,0.00214273
4.181,8,3,0.00214273
4.182,20,3,0.00162056
4.182,20,3,0.00162056
4.185,28,4,0.00348774
4.185,28,4,0.00348774
4.186,12,3,0.00106015
4.186,12,3,0.00106015
4.188,26,4,0.00175154
4.188,26,4,0.00175154
4.189,10,4,0.00185545
4.189,10,4,0.00185545
4.198,30,4,0.00049192
4.198,30,4,0.00049192
4.206,9,1,0.000390212
4.206,9,1,0.000390212
4.21,29,1,0.000806874
4.21,29,1,0.000806874
4.223,15,1,0.000370545
4.223,15,1,0.000370545
4.228,13,2,0.00186336
4.228,13,2,0.00186336
4.231,27,2,0.00158283
4.231,27,2,0.00158283
4.236,6,2,0.000629941
4.236,6,2,0.000629941
4.248,18,2,0.000977106
4.248,18,2,0.000977106
4.27,7,2,0.000410799
4.27,7,2,0.000410799
